42096
 42096
 42456
 42772
 42772
 42772
 43093
 43770
 43959
 43959
 44375
 44375
 43873
 43873
 43873
 43873
 44328
 43780
 44956
 45672
 44422
 42740
 45672
 45413
 45293
 45530
 45530
 45530
 45690
 45613
 43452
 45280
 44976
 44997
 44997
 43882
 43526
 43526
 43460
 42225
 43143
 43460
 43296
 42945
 43460
 43460
 43460
 43846
 43020
 43757
 43757
 45135
 45489
 44572
 44572
 44240
 43285
 43285
 44254
 43841
 44254
 44254
 43255
 43255
 41744
 41744
 41744
 41744
 41744
 41744
 43271
 42646
 42646
 43271
 43271
 43271
 43271
 43271
 43479
 43479
 43479
 43048
 43048
 42633
 42633
 44932
 44932
 44766
 45289
 44676
 44652
 44564
 44005
 43988
 44036
 44036
 44036
 44036
 44036
 44036
 43123
 44849
 43703
 42812
 43703
 43703
 43703
 43703
 43703
 43703
 43703
 43703
 44002
 44002
 44216
 44216
 43024
 44586
 44511
 43750
 43750
 44610
 43079
 43565
 42633
 43565
 43565
 43565
 43565
 44682
 44682
 42592
 42592
 42592
 42592
 44243
 44778
 44778
 45167
 45167
 44755
 41839
 41839
 43619
 43619
 43619
 43619
 43619
 44238
 44238
 43179
 43179
 43150
 43952
 44714
 44802
 41331
 44662
 43452
 43452
 43599
 43599
 44241
 43561
 44241
 43800
 42502
 42502
 42502
 42502
 42502
 42253
 42253
 41354
 43518
 44238
 43504
 43504
 42975
 42975
 42975
 42975
 42975
 42975
 42975
 44649
 44649
 42669
 43337
 42715
 43726
 43726
 43726
 42924
 42924
 42924
 42924
 42133
 42788
 42673
 42673
 40141
 41916
 41916
 41916
 41295
 44026
 43736
 43736
 43736
 43188
 43188
 43188
 43539
 43539
 43539
 43539
 43539
 43539
 43539
 43539
 44096
 44096
 44096
 44096
 45776
 44228
 44228
 43074
 43074
 43074
 43074
 43074
 43074
 41992
 42599
 42599
 42599
 41424
 41424
 41424
 41424
 41424
 41424
 41424
 41424
 43505
 43505
 43505
 44458
 43444
 43905
 43905
 43273
 43273
 43273
 43273
 43937
 42707
 42707
 42707
 43754
 43754
 43754
 43754
 44651
 43861
 43861
 43861
 44352
 43064
 42750
 44418
 44418
 44418
 44418
 44628
 44628
 44628
 44668
 43849
 44114
 43582
 43582
 43582
 43582
 43007
 43582
 43780
 43780
 43959
 43466
 43466
 44900
 43345
 43345
 43345
 41926
 43550
 45310
 44827
 44827
 44827
 42351
 42168
 42168
 42351
 42351
 42351
 42351
 42351
 41409
 41918
 41918
 44381
 44381
 44381
 44381
 44590
 44598
 43929
 44598
 44598
 45217
 45217
 44771
 43624
 44843
 44414
 43098
 43098
 43098
 43098
 40879
 43098
 44562
 43829
 43829
 43381
 43381
 43381
 44830
 42842
 42842
 42842
 42842
 42842
 44629
 45583
 45583
 43687
 43687
 43687
 43168
 44102
 44102
 44102
 43328
 43279
 43087
 43087
 43087
 44633
 44633
 43283
 43283
 43283
 44318
 44318
 44402
 42921
 42921
 44402
 42136
 42136
 42136
 42909
 42909
 43773
 43939
 43013
 43583
 43854
 42945
 43514
 43281
 42530
 42530
 42530
 42530
 42530
 42530
 42530
 42530
 42408
 39545
 44556
 44556
 44556
 44556
 42762
 44047
 44047
 42687
 42687
 44047
 44047
 44047
 44214
 43375
 43375
 43375
 41759
 41544
 43375
 43375
 43375
 43498
 43498
 43872
 42652
 42652
 42652
 42652
 42652
 42652
 42652
 42652
 42652
 42652
 42652
 43872
 44689
 44689
 44689
 44560
 41095
 41095
 41095
 40629
 40770
 41095
 41095
 41095
 41095
 41205
 41205
 43560
 43904
 43904
 42728
 42728
 43904
 43673
 43189
 43160
 43189
 43189
 44271
 43107
 43876
 44493
 43316
 43316
 44188
 42958
 41931
 41931
 41931
 41931
 41931
 41931
 41931
 43307
 42559
 42559
 43517
 43517
 40150
 37101
 37101
 37101
 37101
 37945
 37945
 40228
 40228
 40193
 43821
 43726
 42864
 42864
 42864
 42864
 42864
 38942
 38942
 41379
 41379
 42160
 42128
 43822
 43822
 43822
 44069
 44368
 45101
 44057
 44057
 43337
 43337
 43337
 43337
 43337
 43659
 42798
 42798
 42798
 43126
 43126
 43126
 43126
 43126
 44025
 44025
 42521
 45066
 45066
 45577
 45601
 45601
 45547
 44120
 43197
 44078
 44023
 44023
 44023
 44023
 41996
 42048
 42048
 42048
 43089
 43320
 43320
 43320
 44661
 44420
 43257
 45333
 44176
 42753
 42753
 42753
 43782
 44742
 42897
 42897
 42897
 43427
 43796
 43796
 43796
 42786
 42921
 42921
 42921
 42921
 41732
 41732
 40305
 40305
 40305
 40305
 40305
 40305
 40305
 40305
 41416
 41416
 41416
 42648
 42631
 43014
 42509
 38077
 42509
 41636
 41636
 41636
 41636
 41636
 41636
 42220
 42778
 42778
 42778
 42778
 42778
 42778
 41819
 41819
 42223
 42223
 42223
 42223
 42223
 42223
 40623
 40623
 40623
 40623
 40623
 40623
 40623
 40623
 39654
 41442
 42359
 42363
 42363
 42130
 42130
 43186
 43186
 42988
 42988
 43186
 43186
 43794
 43794
 42797
 42797
 42797
 43945
 42237
 42450
 42450
 44497
 42947
 41387
 42947
 43859
 43859
 43859
 43859
 43832
 43832
 42649
 42649
 42649
 42935
 42705
 42960
 42960
 42960
 42960
 43562
 43562
 43562
 43817
 43581
 41693
 42657
 42853
 42913
 42913
 41265
 44106
 43709
 44783
 44472
 43718
 43575
 43575
 43575
 43575
 42520
 42080
 42080
 42080
 42080
 42080
 42504
 42504
 42504
 42809
 42809
 41579
 41579
 41579
 42292
 42292
 44037
 43328
 43328
 43328
 40943
 40943
 44088
 44200
 44200
 44200
 44015
 44015
 44117
 42326
 42326
 42326
 42326
 42240
 42326
 41646
 41646
 41646
 41646
 41646
 41646
 41646
 41646
 41646
 41646
 41646
 41646
 41646
 44246
 44246
 44246
 44246
 44246
 44482
 43352
 43614
 43326
 43326
 43326
 43326
 43326
 43326
 41976
 41688
 42371
 42371
 42371
 38276
 40139
 40139
 40139
 40139
 40139
 40139
 41334
 41334
 41334
 42727
 42727
 42727
 42727
 42727
 42465
 42465
 42482
 42482
 43624
 41845
 41331
 41331
 41331
 41331
 43203
 43203
 43833
 42720
 40929
 40929
 40929
 41352
 41970
 41970
 41970
 41970
 41970
 41970
 41970
 41970
 42599
 42961
 42961
 43049
 43049
 43049
 43049
 43049
 42837
 42837
 43741
 43741
 43741
 43526
 43526
 43526
 43406
 42974
 42974
 42974
 42974
 43406
 43406
 43406
 41637
 41637
 41637
 41637
 41637
 41637
 41637
 41637
 41637
 41637
 41637
 41637
 42832
 42833
 42833
 44647
 44647
 44647
 43760
 42856
 42856
 44261
 44261
 43340
 44918
 44320
 44320
 43523
 43523
 44115
 43562
 43562
 43214
 43680
 41912
 41647
 41912
 41912
 41912
 42309
 42521
 44265
 44265
 43041
 43041
 43041
 43041
 44343
 42782
 42782
 42782
 40141
 40141
 43042
 43042
 41716
 41716
 41716
 41716
 41716
 41716
 41737
 41737
 41737
 41737
 41737
 42220
 42220
 42563
 43077
 43077
 43077
 43077
 43077
 41512
 42845
 42845
 42845
 42845
 42845
 42577
 42577
 43344
 43931
 43848
 43592
 42728
 42728
 42696
 42696
 42069
 42069
 42069
 43260
 44494
 42959
 44981
 42719
 42719
 42719
 42719
 43847
 43896
 43896
 43896
 44517
 44517
 42369
 44517
 40373
 40373
 40373
 40373
 42165
 41344
 43312
 42600
 42600
 43450
 44214
 44214
 42180
 42180
 42180
 43260
 43649
 43649
 45070
 43847
 43847
 44349
 44639
 44321
 44321
 44325
 43321
 43321
 43321
 43321
 43321
 43321
 43321
 43321
 43321
 43321
 43321
 41974
 41647
 43397
 43115
 43115
 43115
 42074
 42074
 42074
 43152
 43152
 43152
 43152
 42986
 42986
 42986
 42986
 42986
 42986
 44286
 43989
 44073
 44073
 44073
 44073
 41278
 41278
 40227
 40227
 40227
 40227
 40227
 44587
 44101
 44101
 44096
 41109
 41109
 41109
 41109
 43177
 43177
 43177
 43196
 43196
 41744
 42696
 42696
 42696
 42696
 42590
 42590
 42590
 42590
 42590
 42590
 42590
 42590
 42590
 42590
 42590
 42590
 42590
 41861
 41861
 41861
 41861
 42193
 42058
 41498
 44395
 43649
 43649
 42971
 42971
 42835
 40845
 40845
 40845
 40845
 40845
 40845
 40845
 40845
 40845
 40845
 40886
 42105
 42105
 42105
 42889
 42889
 43589
 41266
 41266
 43709
 43709
 43709
 44400
 44541
 44338
 44030
 44030
 43248
 43248
 43117
 43787
 42527
 43834
 43574
 43834
 44141
 44458
 42338
 43491
 43491
 42796
 42951
 42951
 42951
 42951
 43136
 43591
 43591
 43591
 44505
 43075
 43075
 43075
 43686
 42240
 42240
 42240
 42240
 42240
 42430
 42430
 42430
 41428
 43371
 43371
 42267
 42265
 42954
 41350
 41350
 43107
 43675
 43675
 41538
 42205
 43682
 41289
 41289
 41289
 42281
 42281
 42281
 42281
 42281
 42281
 42281
 41846
 42980
 40255
 42640
 42980
 42980
 42977
 42977
 42977
 42977
 40980
 40980
 40694
 40694
 40694
 40694
 40694
 40324
 40324
 40694
 42897
 38409
 39667
 39667
 39877
 39877
 41242
 42081
 40069
 43186
 42675
 43333
 43206
 43206
 42923
 43206
 42556
 42556
 42712
 42712
 43536
 43536
 43536
 43536
 43194
 43536
 43536
 43481
 41912
 42735
 42735
 42735
 42735
 43270
 42416
 42416
 42416
 42416
 42416
 40166
 40166
 40166
 42492
 42492
 41368
 42315
 42315
 42315
 42971
 43099
 43099
 43247
 43247
 43570
 41665
 43657
 41713
 41713
 41633
 41633
 41713
 40557
 41713
 40807
 40807
 40807
 40807
 40630
 40630
 39474
 39474
 39474
 39474
 39474
 39474
 39752
 39752
 39752
 39752
 39752
 43576
 42900
 43791
 43791
 43874
 43411
 43837
 40734
 40734
 40734
 43607
 43092
 44135
 44483
 42946
 42711
 43239
 42631
 42631
 42631
 41392
 42631
 42146
 42660
 42660
 41441
 41441
 41441
 43470
 43766
 43997
 43997
 43997
 43997
 42015
 42804
 43997
 44335
 43469
 43469
 43129
 43129
 43073
 42178
 42178
 42178
 42408
 43055
 43824
 43602
 42099
 42099
 42099
 42099
 42099
 42870
 42870
 42870
 41988
 43469
 43469
 43469
 43469
 43469
 44323
 44323
 45079
 44583
 43628
 43628
 43842
 41265
 43056
 42972
 43056
 42523
 40869
 42523
 43056
 43624
 44084
 43708
 42866
 43549
 43012
 43012
 42963
 43651
 43182
 43709
 42618
 42618
 41836
 42067
 42067
 42067
 42905
 42905
 42905
 43808
 43808
 42086
 43259
 42767
 42767
 42767
 42767
 43078
 43078
 43078
 43078
 44200
 43347
 42031
 42031
 43790
 43790
 42604
 43444
 43444
 43380
 43444
 43382
 43382
 43382
 42336
 42242
 41591
 41591
 41591
 41591
 41123
 41648
 40451
 40451
 40451
 40451
 41751
 42506
 41785
 41785
 41785
 41785
 41785
 41785
 41785
 41785
 41785
 41785
 41785
 41785
 41785
 41785
 41785
 43623
 43623
 42174
 42316
 42575
 42575
 42575
 43050
 42903
 41158
 41158
 41158
 43289
 43305
 43305
 43305
 42154
 42089
 42089
 43176
 43176
 43176
 42491
 42491
 42112
 42491
 43538
 43423
 43423
 44367
 43163
 43163
 42782
 42782
 41959
 41959
 42729
 42729
 42729
 42729
 42729
 41520
 41520
 41520
 43417
 42135
 42730
 42730
 42730
 41793
 41793
 42730
 43006
 43063
 42557
 42557
 43642
 43642
 43684
 43901
 40580
 40580
 40580
 40580
 40580
 40580
 40580
 40580
 40580
 40580
 40199
 40444
 40176
 40444
 40444
 41737
 41737
 41900
 41900
 41900
 42402
 43581
 43581
 43802
 42669
 42669
 42669
 43246
 44138
 44138
 44138
 40782
 40782
 40782
 40782
 40782
 42871
 42871
 42871
 40673
 40673
 41344
 41344
 41344
 42458
 42458
 42458
 42209
 42209
 42209
 41284
 42199
 42199
 42199
 42199
 42199
 42199
 42199
 42199
 42766
 42766
 42766
 42766
 43163
 43163
 43163
 43163
 43163
 43163
 43598
 43114
 43114
 41783
 40540
 43114
 44790
 44790
 42642
 42642
 43327
 43327
 43327
 43770
 44377
 43871
 43175
 44117
 44117
 43042
 42768
 43042
 43042
 42261
 42897
 42095
 42095
 42095
 44000
 43797
 41368
 42218
 41972
 41972
 41841
 41841
 39811
 39811
 41902
 42493
 42493
 42456
 42456
 42456
 42456
 41864
 41864
 42456
 42028
 42028
 42028
 42028
 42028
 42028
 42028
 42028
 43665
 40825
 42651
 43409
 41858
 41858
 41858
 41756
 42045
 42045
 42045
 42045
 41462
 42045
 42524
 43264
 42493
 42493
 44110
 44110
 43743
 43743
 43743
 43790
 43790
 43790
 43862
 44445
 44438
 43264
 43264
 43264
 43264
 43264
 43264
 43264
 43264
 43646
 43646
 43744
 43744
 42510
 42510
 42510
 43730
 42328
 42328
 43540
 42158
 42158
 42158
 42158
 42158
 42301
 43140
 42715
 42700
 42700
 44142
 43206
 43206
 43206
 42686
 42686
 39161
 39161
 39161
 39161
 39161
 39828
 39828
 43235
 43235
 44347
 44618
 44618
 43353
 43855
 43855
 43855
 43831
 42369
 43795
 41216
 41216
 41216
 41216
 41216
 41216
 41216
 41216
 41216
 41216
 43113
 44361
 42707
 43383
 43814
 42431
 42431
 42431
 42431
 42431
 42243
 42431
 41709
 42642
 42642
 41724
 43415
 43415
 41678
 41678
 41678
 43304
 43650
 43650
 44089
 43716
 43716
 43716
 44231
 42791
 42791
 42791
 42622
 42366
 42622
 42622
 42622
 42622
 41710
 42716
 42716
 42400
 42400
 42042
 42042
 42400
 40953
 40953
 40953
 40767
 40952
 39916
 39916
 39916
 40952
 40454
 40454
 40886
 40886
 43665
 43665
 44075
 37940
 42982
 42982
 41063
 41063
 41063
 41063
 41063
 43979
 44063
 42958
 43769
 43769
 43809
 42340
 42340
 43203
 44090
 44090
 44090
 42047
 42047
 42047
 43671
 43671
 43134
 43070
 43070
 42782
 44807
 43656
 43656
 43656
 43656
 43656
 43656
 42209
 42209
 42209
 42209
 43759
 43759
 43759
 43759
 43759
 43759
 41954
 41673
 41673
 41673
 43545
 43545
 43545
 44254
 42282
 42282
 43556
 44010
 44010
 44792
 44600
 43887
 44600
 44600
 44600
 44600
 42934
 42934
 42557
 42557
 42557
 45424
 43565
 42970
 42970
 44870
 43067
 42968
 42750
 42693
 42693
 42693
 42693
 42693
 42693
 42693
 42693
 42693
 43726
 42476
 45495
 44998
 44998
 44805
 43871
 42804
 44725
 43639
 44725
 43775
 42046
 42046
 41429
 41567
 41567
 40508
 40508
 43867
 43867
 43799
 42992
 42911
 42911
 43569
 43569
 44452
 43007
 43007
 43007
 42671
 39958
 40804
 40804
 40804
 40804
 43007
 43007
 41619
 41619
 41619
 41619
 43902
 42815
 41731
 41731
 41731
 41731
 40709
 40709
 40709
 40709
 40709
 40709
 40709
 40709
 40709
 40709
 40709
 42449
 42644
 42644
 42644
 42644
 42644
 41649
 44847
 42006
 43696
 43154
 43863
 42638
 42638
 42638
 42517
 42517
 41015
 42405
 42405
 42212
 41347
 41347
 41139
 39837
 39837
 39837
 39837
 41347
 43634
 43634
 43634
 43720
 42920
 42920
 43301
 43301
 43301
 43619
 44889
 44889
 43644
 43644
 43644
 43644
 43644
 43644
 43644
 43644
 42839
 44194
 44194
 42854
 42854
 42854
 41749
 41749
 42284
 43158
 43158
 43158
 43158
 43158
 43158
 43854
 43795
 43795
 43795
 43854
 43854
 43854
 43854
 43580
 41829
 44999
 43754
 44596
 44596
 44749
 45465
 41337
 45215
 42666
 43100
 43100
 43100
 45385
 44870
 45865
 44861
 44861
 44384
 44384
 44384
 44384
 44384
 44384
 44384
 43038
 42832
 42166
 42166
 42166
 42832
 43038
 43670
 43670
 43670
 43670
 43670
 43250
 43250
 43250
 42801
 42801
 42801
 41724
 41724
 41724
 41724
 41724
 42115
 42115
 42115
 43292
 43292
 43253
 44532
 41117
 41117
 41117
 41537
 41537
 41537
 41537
 41537
 43956
 44270
 41282
 43768
 43768
 42718
 42726
 42726
 42726
 42726
 42927
 42927
 42927
 42927
 42927
 44240
 44240
 44733
 41994
 41994
 43348
 43221
 44037
 44037
 43120
 43015
 44400
 43508
 42189
 42189
 43990
 43990
 43990
 43990
 42803
 42803
 42803
 42803
 44136
 44035
 43185
 43185
 41965
 41965
 43553
 44229
 40905
 43747
 43747
 43747
 43747
 43501
 44704
 43485
 43485
 42830
 42830
 44207
 44524
 43505
 43505
 43505
 43099
 42789
 42643
 41649
 41649
 41649
 41649
 41315
 41315
 41315
 41315
 41315
 41315
 41315
 41315
 41315
 41315
 41472
 41472
 41472
 41472
 41472
 41472
 41472
 43954
 43459
 43459
 43459
 43954
 43023
 44010
 44071
 45192
 44585
 44585
 44585
 43350
 43350
 43404
 43459
 44822
 44288
 44288
 44822
 43776
 44113
 44113
 44652
 43294
 43294
 43294
 43294
 40354
 40354
 42609
 42609
 42888
 42888
 42888
 42799
 42799
 42799
 44458
 42219
 42166
 42166
 42166
 42166
 42166
 42151
 41061
 42166
 43684
 43684
 42934
 42934
 44221
 44221
 43676
 42628
 42668
 42668
 42668
 42668
 42668
 42668
 42668
 42668
 42668
 42668
 42668
 42668
 42668
 42668
 42668
 42668
 41964
 41964
 41964
 41964
 41964
 41964
 41964
 41964
 41964
 42154
 42665
 42665
 42443
 42443
 42443
 42443
 42114
 42424
 42424
 42768
 42768
 42768
 42768
 41619
 41619
 41619
 40446
 40446
 40446
 40446
 39449
 40678
 40177
 38923
 38923
 38923
 38923
 38923
 38923
 42958
 41508
 40038
 41508
 41508
 41508
 41508
 41508
 41508
 42340
 41715
 41715
 41715
 43158
 43158
 43532
 44445
 42551
 43031
 43031
 42979
 42979
 43031
 42665
 42035
 43479
 43989
 43826
 43826
 43826
 45115
 44751
 44751
 42814
 44751
 44803
 42042
 42042
 42042
 42042
 42042
 42042
 42042
 41851
 41851
 41927
 41927
 42308
 42308
 42308
 42308
 42308
 42308
 43958
 43958
 42799
 43552
 43342
 42214
 42214
 42214
 42214
 42214
 40407
 40407
 40407
 41782
 42214
 43146
 43146
 43472
 43472
 43472
 44139
 44139
 43830
 42403
 42403
 42403
 41742
 42718
 42718
 43245
 43245
 41227
 44268
 44268
 44065
 44065
 43568
 43568
 43568
 43568
 43944
 43944
 43944
 43944
 43944
 43661
 44327
 44256
 45134
 45134
 45134
 44786
 44786
 44476
 44476
 44476
 44476
 44878
 45019
 45019
 44217
 45327
 45488
 43952
 45337
 44934
 41867
 41867
 42721
 43715
 43715
 43715
 44802
 44333
 44333
 44016
 42255
 42255
 43516
 42732
 42732
 42625
 43318
 43318
 43452
 43452
 43452
 43965
 42275
 42275
 42275
 42275
 42275
 43215
 42163
 41419
 41419
 42634
 40656
 40656
 40656
 40656
 42754
 44026
 43516
 43516
 44627
 44217
 44103
 44391
 41504
 41504
 41504
 42589
 42827
 44287
 42723
 44241
 44241
 44241
 44241
 44241
 44241
 44241
 44241
 44168
 43884
 43765
 43333
 43333
 43333
 43973
 44392
 41070
 44392
 44392
 42621
 42621
 42621
 43940
 42568
 43138
 43692
 43107
 43107
 42923
 42923
 42923
 43776
 43184
 42019
 42019
 42019
 42019
 42805
 42210
 42210
 41824
 41824
 41824
 41824
 41824
 41824
 43272
 43272
 43272
 43272
 43219
 43219
 42621
 44466
 44466
 44754
 43776
 43776
 44406
 42917
 42917
 44406
 40982
 40982
 40982
 44450
 42290
 42290
 42689
 42689
 42689
 42689
 42689
 44286
 44217
 43305
 43305
 43305
 43305
 42507
 43208
 43208
 43208
 43208
 43208
 42529
 42529
 42529
 43424
 43424
 43424
 42742
 42742
 43199
 43199
 43199
 43199
 43199
 43199
 43199
 43199
 41061
 41061
 42426
 42482
 42482
 45149
 43379
 43379
 43379
 42740
 42740
 42960
 42703
 44427
 43802
 43130
 44664
 44828
 44029
 44029
 44029
 44029
 44029
 44029
 44029
 42443
 43788
 45142
 45142
 43033
 43033
 42861
 42430
 39606
 39606
 42430
 42430
 43455
 40573
 40573
 40573
 44095
 44692
 44692
 44692
 44692
 44692
 44530
 44692
 41541
 43995
 43213
 43037
 43941
 43941
 44205
 44995
 44899
 44995
 44995
 42698
 42698
 42698
 43257
 43257
 43031
 43267
 42963
 42963
 44563
 43506
 44751
 44644
 44644
 42262
 43808
 43808
 43808
 44327
 44327
 44327
 44327
 45530
 45530
 45530
 44436
 43306
 43306
 41059
 41059
 41059
 41059
 41059
 43677
 43677
 43677
 43677
 44925
 44131
 44322
 44599
 43251
 43251
 43251
 43251
 43251
 42266
 41987
 44273
 44491
 44491
 44699
 44050
 44906
 44158
 44356
 44356
 42460
 44266
 43464
 43627
 43415
 43415
 43415
 43415
 42662
 43113
 44100
 45385
 45385
 44188
 44188
 44188
 44188
 44188
 44489
 44489
 43844
 44461
 44461
 44413
 44413
 44413
 44057
 44413
 44413
 44413
 44417
 43612
 44417
 45210
 45154
 44808
 41966
 41966
 41966
 41966
 43577
 43577
 41643
 41169
 41169
 43446
 44581
 43737
 43737
 43737
 42697
 42697
 43212
 43212
 42417
 42417
 42861
 43308
 43872
 43420
 43420
 43420
 43420
 42696
 42696
 44435
 44435
 44435
 44435
 44435
 44371
 44371
 44371
 44669
 44669
 44669
 43251
 45225
 44659
 43265
 44150
 43935
 43935
 40705
 42661
 43935
 44344
 43479
 43479
 44317
 43561
 43561
 43305
 42945
 44571
 43039
 43039
 42327
 42327
 42327
 43703
 43969
 43969
 43969
 43090
 39861
 39861
 40956
 40956
 40428
 40428
 40428
 43360
 42362
 42362
 42362
 43360
 43986
 43986
 40442
 40442
 40442
 40442
 40442
 40442
 40144
 40144
 40144
 40144
 42316
 42545
 42507
 42507
 42507
 42507
 42507
 42507
 42507
 43324
 43324
 43324
 43324
 44658
 44635
 44238
 44069
 43026
 43026
 43026
 42722
 42722
 42913
 42913
 42913
 42789
 42789
 42789
 42789
 42789
 43700
 43700
 42277
 42277
 44582
 44749
 42551
 42551
 42551
 42701
 42701
 42701
 44551
 44683
 44662
 44662
 44662
 44662
 44028
 43834
 43834
 43900
 44028
 44028
 43133
 44503
 44864
 43883
 43883
 43883
 43883
 43643
 43643
 43643
 41361
 41361
 41361
 41361
 41361
 44291
 42843
 44189
 43892
 43892
 43354
 43177
 43177
 43177
 43177
 41682
 41682
 41682
 43088
 43002
 44189
 44189
 44194
 44194
 44194
 44594
 44594
 44789
 44670
 44670
 44670
 44685
 44500
 45530
 45530
 44098
 44098
 44098
 44098
 43854
 43854
 43139
 43139
 42244
 44142
 44142
 43128
 43128
 43128
 44000
 44000
 43695
 43695
 42006
 44471
 44471
 44140
 44414
 44414
 43028
 44214
 44214
 44214
 40770
 44214
 44214
 44806
 44806
 43126
 43126
 44362
 45035
 43698
 43268
 43268
 43698
 40340
 42973
 43601
 43607
 43607
 43851
 43851
 43851
 43851
 43187
 43187
 44054
 42116
 41224
 43717
 43625
 43625
 44018
 43877
 43769
 43769
 43769
 43769
 44018
 44095
 43174
 44095
 43743
 42854
 41862
 41862
 41862
 42287
 42287
 42287
 43743
 43788
 43788
 44058
 43496
 43496
 43496
 43496
 43132
 43132
 40448
 40448
 40448
 39685
 39685
 39685
 39685
 43865
 42500
 42500
 42500
 43032
 43032
 43032
 43032
 43941
 41957
 41957
 41957
 41957
 41957
 42824
 43798
 43798
 43798
 43798
 43798
 43617
 42713
 42713
 42777
 42777
 43012
 42973
 42976
 43798
 42808
 42593
 41239
 43486
 43486
 43297
 43297
 43297
 43297
 43297
 43297
 43297
 43297
 43516
 43112
 43112
 43112
 43112
 43516
 43516
 44236
 39080
 39080
 39080
 39080
 39080
 40469
 40469
 40469
 44680
 44680
 41216
 41216
 41216
 42544
 41615
 41615
 41615
 41615
 41257
 43889
 44121
 44121
 43705
 40845
 42812
 42620
 42669
 40363
 40363
 42110
 40953
 40953
 40953
 40953
 40953
 40389
 42737
 43235
 44501
 43464
 41403
 41403
 41403
 41403
 41403
 41403
 43248
 43248
 40372
 40372
 42695
 43319
 43091
 43091
 43091
 43256
 41752
 41752
 42328
 42328
 42328
 43709
 43709
 43709
 43709
 43709
 42178
 42178
 43396
 43396
 43924
 43924
 43056
 42351
 42351
 42351
 42351
 42351
 44086
 44732
 40381
 41403
 41403
 41403
 41403
 42574
 42574
 42574
 42574
 39924
 39924
 39924
 41768
 41807
 41807
 42713
 43005
 42285
 42480
 42480
 42937
 43504
 43504
 43504
 43504
 43504
 43504
 43504
 44601
 44059
 42877
 42877
 40055
 44231
 44307
 42097
 43159
 43159
 42932
 42932
 42932
 42932
 42932
 42006
 42006
 42006
 42006
 43547
 43547
 43547
 43547
 41248
 42427
 43547
 43516
 43056
 43056
 41710
 41710
 41710
 41710
 41710
 41710
 41710
 43497
 41077
 41077
 41077
 42722
 42841
 42841
 40778
 40778
 40778
 40778
 40778
 43490
 43490
 43490
 43490
 43061
 41676
 41676
 41592
 41592
 41592
 41574
 41574
 41574
 41592
 41592
 42425
 42425
 41756
 41756
 41756
 41756
 43996
 44095
 43922
 43922
 43793
 43475
 43111
 43111
 43111
 43111
 43053
 42873
 42873
 44030
 44030
 44030
 43035
 42693
 42693
 42693
 43035
 43035
 44030
 44030
 44703
 44494
 42794
 42794
 42794
 42068
 42794
 42155
 42155
 42155
 42506
 42506
 43323
 43323
 43376
 43376
 41936
 41936
 41936
 43194
 42854
 43244
 43244
 43382
 43382
 43382
 43382
 43734
 44075
 43868
 42704
 42704
 42704
 42704
 42704
 41934
 41934
 41934
 41934
 41250
 41769
 43799
 44031
 43316
 43383
 43383
 43383
 43383
 43870
 43870
 43046
 43046
 42061
 42546
 42546
 42546
 42546
 42546
 43694
 39642
 39642
 39642
 39642
 39642
 40376
 41724
 41948
 43751
 44175
 44091
 44091
 44091
 40969
 40969
 40969
 40969
 40969
 40969
 40969
 40969
 40969
 42214
 42214
 42053
 42382
 43424
 43793
 43793
 43793
 42738
 42084
 43793
 43106
 43793
 45243
 43236
 43236
 43236
 44036
 42616
 41853
 41853
 45129
 44262
 42778
 44262
 41985
 41985
 41985
 43441
 43441
 43441
 43441
 44187
 44187
 44187
 42833
 42833
 42974
 42974
 42974
 42974
 42974
 43630
 44173
 44173
 43314
 43314
 43664
 43664
 44626
 43791
 42481
 43791
 43791
 43791
 41999
 41999
 41999
 41999
 41999
 41999
 41999
 41999
 41999
 41545
 43091
 43160
 42663
 42663
 42663
 42728
 43106
 43021
 43021
 40482
 40482
 40482
 40482
 40482
 42767
 41234
 41234
 41234
 41234
 43762
 44337
 44092
 42841
 42841
 41859
 42841
 44092
 44092
 42572
 44092
 43806
 44092
 44092
 44092
 43681
 43773
 42321
 42321
 41607
 41607
 38556
 38556
 43099
 43918
 43918
 43651
 43651
 42803
 42803
 43385
 43019
 43524
 43524
 40714
 41424
 41424
 43524
 43524
 43524
 43660
 43660
 43813
 42912
 42912
 42912
 42912
 42912
 42912
 42912
 42912
 41751
 41751
 41751
 41751
 41751
 41814
 39021
 40681
 40681
 40681
 40681
 40681
 40852
 40852
 41857
 43634
 43775
 43775
 44227
 44227
 44227
 43413
 43413
 42799
 42799
 43480
 43133
 44610
 44610
 44610
 44610
 44610
 44610
 44578
 44578
 44578
 44578
 44530
 44578
 43034
 43034
 44328
 42303
 42303
 42303
 42303
 42303
 42303
 42303
 42303
 41138
 41926
 43550
 43759
 42919
 43881
 43881
 44714
 44714
 44187
 42854
 42854
 42854
 42556
 43548
 43587
 43613
 43963
 44577
 43121
 44577
 41718
 45269
 43916
 41079
 42092
 42092
 43064
 43659
 42030
 44106
 44106
 43280
 43758
 43804
 43405
 43815
 43485
 43485
 43485
 43637
 43637
 43637
 43539
 42274
 42274
 42274
 42274
 42159
 42465
 42465
 42465
 41594
 41594
 42465
 42465
 42465
 42465
 42327
 42106
 42106
 42106
 42106
 44426
 41774
 41774
 41774
 41774
 41774
 44174
 44174
 44174
 44257
 44257
 44257
 42781
 40411
 40411
 42781
 42781
 42781
 41987
 41987
 42996
 42701
 42846
 42846
 43848
 43848
 43848
 43790
 43790
 43527
 43527
 43527
 43527
 42828
 43527
 43517
 43527
 42651
 42651
 42606
 42222
 42222
 42222
 42412
 42412
 42412
 42412
 42412
 42966
 42966
 43036
 43036
 43312
 43506
 43986
 42718
 42718
 42718
 42718
 43138
 43232
 41425
 41425
 41425
 42283
 42283
 42283
 40480
 40480
 40480
 39819
 39840
 39840
 39840
 39840
 39840
 43039
 43039
 43039
 42726
 42703
 43050
 43844
 41473
 41473
 41473
 43485
 43844
 43844
 40937
 40662
 40937
 42868
 42868
 43182
 42777
 41219
 42777
 42777
 42777
 42777
 42777
 42777
 42777
 43758
 41798
 41798
 41798
 41798
 41798
 41880
 41880
 42825
 42985
 42985
 43465
 43554
 43554
 43378
 42560
 42560
 41888
 41888
 41888
 41888
 41888
 41888
 42775
 42775
 42775
 42304
 42304
 41443
 43059
 43059
 43059
 43059
 43059
 43059
 43686
 43686
 42419
 43686
 43686
 43686
 43526
 43526
 43935
 41911
 41911
 42835
 43746
 44025
 44025
 43881
 41985
 44025
 44041
 43376
 43074
 43074
 43074
 43074
 43074
 43074
 43974
 43055
 43055
 43999
 43999
 40980
 40980
 41431
 41431
 41431
 41431
 41431
 41431
 41505
 41505
 43104
 43104
 44012
 44012
 42321
 44012
 42232
 43207
 43800
 43800
 44172
 44172
 44172
 44172
 45097
 40489
 40489
 40489
 44350
 41988
 42368
 42722
 41080
 41080
 41080
 41080
 41080
 41080
 41080
 41080
 41080
 43652
 44261
 44261
 43385
 44561
 43688
 43688
 43996
 43996
 43996
 42166
 40597
 40155
 40155
 40155
 43344
 41652
 41652
 41652
 43557
 43712
 44228
 44228
 44228
 44228
 43257
 42078
 42078
 42646
 42648
 43190
 43190
 43608
 43608
 43608
 43608
 43608
 43608
 42739
 44417
 43782
 42421
 42421
 42269
 39497
 39920
 42269
 42269
 41563
 41563
 41563
 41563
 41563
 41563
 41563
 41563
 42825
 42825
 39444
 39444
 43532
 43532
 43532
 41905
 44636
 44636
 44784
 44803
 44452
 39662
 39662
 39662
 39662
 39662
 39662
 39662
 39662
 39662
 39662
 39662
 39998
 39998
 39998
 39998
 39998
 44946
 44834
 44667
 44655
 43883
 42300
 44819
 45141
 45759
 45349
 45759
 45759
 44421
 43784
 43784
 43784
 43449
 43661
 43258
 43661
 43661
 44037
 44037
 44037
 44991
 44991
 44991
 46508
 45226
 43707
 43707
 45154
 45397
 44665
 44665
 44665
 44890
 44890
 44890
 43806
 45317
 45388
 45388
 45135
 43864
 43864
 43864
 43864
 44168
 44168
 44168
 43698
 44084
 44084
 44084
 44084
 44084
 43681
 43887
 44084
 42613
 44705
 44335
 44071
 44071
 43571
 43571
 43571
 43571
 42690
 43571
 42980
 42980
 42980
 41928
 41928
 41928
 41928
 43346
 43571
 44448
 43325
 43325
 43098
 43098
 43098
 43098
 43009
 43009
 43009
 43971
 42989
 42728
 43171
 43171
 41295
 41295
 41295
 43358
 44488
 43457
 43457
 43457
 43457
 43457
 43457
 43819
 43819
 43819
 43819
 43819
 42613
 44140
 42720
 42720
 44565
 42823
 42823
 42823
 43225
 43225
 43225
 43225
 43850
 43850
 43564
 43564
 43564
 42187
 42187
 42187
 42187
 42187
 41373
 42293
 42293
 42293
 43150
 40781
 40572
 43150
 42987
 42987
 42987
 42709
 42709
 39197
 42758
 42758
 42690
 40391
 42690
 42690
 42690
 42690
 43192
 41463
 41463
 41463
 41463
 41463
 44823
 41791
 41791
 41791
 41791
 41791
 41791
 41791
 41791
 43614
 43020
 43020
 43614
 43614
 43614
 43614
 43614
 43614
 42950
 44557
 45186
 44838
 44342
 44342
 45061
 45186
 45599
 44749
 44749
 44749
 44749
 44749
 43520
 43520
 43520
 44923
 45172
 43959
 44551
 44591
 44591
 44591
 44045
 44045
 44819
 44819
 44157
 44157
 44157
 44157
 44054
 44054
 44054
 44054
 45814
 44531
 43839
 43839
 43839
 43558
 43839
 43488
 43488
 43488
 43488
 41925
 41925
 41925
 40075
 43481
 43382
 43382
 40591
 40591
 40591
 42467
 42467
 42467
 42467
 43321
 43838
 43387
 42173
 42173
 42173
 42173
 42173
 42173
 42173
 42173
 41848
 42168
 42168
 40608
 42168
 42168
 42168
 41773
 41773
 41773
 41773
 41773
 41804
 41804
 41139
 42100
 41218
 41218
 41218
 42908
 41398
 41398
 40659
 40659
 40659
 42318
 41481
 41481
 43428
 43179
 43179
 42739
 42739
 43118
 43179
 43179
 42488
 42488
 42488
 42488
 42488
 43196
 43174
 43174
 43174
 42758
 42560
 40833
 40833
 41293
 41293
 41293
 42157
 42157
 42157
 44326
 44326
 43358
 44037
 41591
 41591
 41591
 43210
 42933
 42933
 40974
 42933
 42933
 42291
 42291
 42933
 43796
 43587
 43527
 43587
 43968
 43968
 44197
 44504
 44303
 42005
 43830
 43510
 42718
 42718
 42718
 42718
 42862
 42862
 42862
 42862
 43171
 43509
 41832
 42386
 42386
 42386
 43454
 43454
 43454
 44744
 43859
 43859
 44494
 44379
 42915
 42915
 43853
 43942
 43942
 43942
 43942
 43942
 43942
 43942
 44449
 44272
 41450
 41450
 41782
 41782
 41782
 41513
 41513
 41513
 41513
 40508
 44674
 44674
 44674
 39803
 41638
 41638
 41638
 41638
 41638
 41638
 41638
 41638
 41181
 42340
 42340
 42340
 42795
 42004
 42004
 42004
 42004
 42004
 42004
 42163
 41496
 43288
 43586
 43586
 42999
 42999
 41667
 42295
 42305
 42305
 42305
 42305
 41945
 42234
 42234
 42234
 42574
 42574
 42574
 41821
 41821
 41821
 43662
 43662
 43262
 43662
 43198
 42793
 43343
 43343
 44497
 41096
 41914
 41468
 43805
 42949
 43805
 44497
 43900
 43900
 43900
 43133
 43133
 43324
 43324
 42581
 42581
 42597
 42597
 44247
 43146
 43840
 43001
 43840
 40048
 43614
 43614
 42051
 43614
 41445
 43614
 43614
 43842
 43842
 41935
 44132
 44140
 44140
 43282
 43282
 43282
 43282
 43282
 43017
 43982
 43982
 43730
 43730
 42418
 42418
 42877
 42535
 42535
 42877
 42877
 42186
 42877
 42877
 42877
 42877
 43500
 44507
 44729
 44729
 44211
 44211
 43710
 43401
 42852
 43401
 43401
 43401
 43401
 43401
 41243
 42357
 42357
 42357
 42357
 41627
 41952
 41952
 41952
 41952
 43305
 43162
 40837
 40837
 42101
 41034
 41034
 41034
 41258
 43084
 42107
 39175
 42118
 43440
 43515
 43282
 43344
 43344
 43208
 43208
 43208
 43279
 43279
 42891
 42891
 42891
 42891
 42891
 43527
 43527
 42487
 42487
 41152
 41152
 41152
 41152
 43895
 43895
 42949
 42949
 42949
 42929
 43176
 44094
 44094
 43117
 41829
 43117
 42486
 41118
 41118
 41274
 41389
 43117
 43117
 44150
 44150
 43622
 41419
 41419
 41419
 41419
 41419
 41419
 41419
 41419
 39934
 43371
 43371
 43371
 43371
 43371
 41181
 42298
 42298
 42298
 42298
 42298
 42298
 42298
 42298
 40869
 40869
 40869
 40554
 42475
 43596
 43182
 43182
 43182
 41578
 41578
 41578
 41578
 41578
 41578
 41578
 41578
 43722
 43722
 43227
 43227
 43227
 43227
 43227
 44412
 43697
 43697
 41655
 44499
 43306
 43868
 43868
 43868
 43868
 43988
 42466
 42466
 42466
 42466
 42069
 42069
 43542
 43844
 43844
 43844
 43844
 40749
 40749
 40749
 41692
 41692
 41806
 41806
 41806
 41806
 41806
 43447
 43447
 43447
 43447
 43447
 43818
 43818
 43922
 43922
 42596
 43287
 43287
 43922
 43922
 43922
 43922
 43839
 43839
 44567
 44567
 44567
 43879
 43879
 45130
 42718
 42718
 42718
 42718
 43123
 43123
 43123
 42991
 42991
 42991
 42991
 42991
 42991
 42991
 44882
 44753
 44753
 43157
 45191
 41293
 41293
 41293
 41293
 41293
 41293
 41521
 41521
 41521
 41521
 41521
 41521
 41922
 41922
 41922
 41922
 41350
 42955
 42955
 43338
 42568
 41597
 41597
 41597
 41597
 41597
 41597
 41597
 42536
 40527
 39964
 40527
 38831
 40527
 41915
 41534
 41534
 41534
 41534
 41534
 41534
 41534
 43733
 43561
 43250
 43250
 43250
 43723
 43575
 42794
 42794
 42794
 42794
 42794
 42794
 42794
 42794
 42334
 42794
 41967
 42631
 44042
 44042
 42101
 43112
 43112
 43112
 43112
 43112
 43500
 44185
 44657
 44657
 44657
 42605
 44694
 44443
 44443
 44443
 44443
 44443
 44603
 43718
 42836
 42836
 42836
 42453
 42453
 42453
 42453
 41050
 43133
 43133
 44704
 44246
 44246
 44704
 44704
 44704
 43466
 43726
 45318
 43267
 45318
 45318
 45794
 44395
 43660
 42839
 43660
 44488
 42131
 41978
 41978
 41774
 41774
 41774
 41774
 41774
 41774
 41774
 41774
 41774
 42534
 42590
 43850
 43850
 43850
 43850
 43850
 43850
 43850
 41768
 41768
 41768
 42943
 42943
 42943
 42943
 42943
 42464
 42464
 42943
 42943
 42943
 42943
 41744
 45118
 45118
 44313
 44313
 44313
 44313
 42829
 44313
 44413
 44413
 42648
 42648
 42648
 42648
 42838
 41116
 41116
 42767
 43218
 41542
 42030
 42030
 42030
 42196
 42196
 42196
 42196
 42197
 42197
 42907
 42907
 42907
 42907
 43738
 43738
 43738
 43738
 43738
 42528
 42508
 42508
 43805
 42643
 42659
 42659
 40776
 43127
 43194
 43194
 41293
 41293
 41293
 41293
 42209
 42205
 42205
 42205
 42209
 42209
 42209
 41535
 43516
 43516
 43516
 43516
 43516
 43753
 42661
 43170
 43170
 39582
 39582
 43098
 42112
 42112
 42112
 43149
 42676
 41885
 43170
 43170
 44170
 44170
 44170
 44068
 43896
 43896
 43896
 44068
 44001
 43437
 43437
 43984
 43984
 43984
 43984
 43984
 43984
 41072
 41072
 42332
 42332
 41805
 42332
 42332
 42338
 43039
 42994
 42994
 42609
 42609
 42609
 42609
 41521
 42609
 42609
 40808
 42609
 42609
 42932
 42832
 42606
 41108
 41108
 41079
 42070
 44326
 44226
 44226
 43399
 43076
 43076
 43076
 44372
 44522
 44522
 44522
 44522
 44734
 44760
 42575
 42575
 42575
 42575
 42431
 41801
 41801
 44408
 45349
 42772
 42772
 42772
 42772
 42772
 44883
 44883
 44883
 45033
 44891
 44891
 44895
 45408
 45408
 43063
 41808
 41808
 41808
 41808
 41808
 41808
 41808
 44584
 44584
 44021
 44021
 42747
 42747
 43173
 43173
 43173
 43041
 43041
 43041
 43399
 43399
 43918
 43918
 43918
 43560
 43560
 39913
 42932
 42932
 42796
 42782
 42782
 42796
 42796
 42796
 44608
 44608
 44398
 44249
 43991
 44435
 43456
 44385
 43328
 43328
 43328
 42442
 43665
 43665
 44872
 44872
 44872
 42221
 42221
 42221
 42221
 42221
 42221
 42221
 42221
 42769
 43988
 43988
 42057
 44194
 43942
 43942
 44194
 43919
 43919
 43919
 40834
 44779
 43179
 43179
 43179
 43157
 43157
 40482
 43212
 43241
 44474
 45621
 44106
 44083
 42928
 42928
 40585
 40585
 40512
 40512
 40512
 41937
 41007
 42938
 42938
 43263
 42990
 42990
 43263
 43263
 43263
 42776
 42776
 42760
 43047
 43740
 44060
 44060
 44287
 42397
 40341
 42600
 42600
 43742
 43742
 43083
 42881
 42881
 42881
 42011
 42011
 42011
 42011
 42011
 43526
 43526
 44312
 43729
 43187
 42653
 43187
 43187
 43187
 43187
 43277
 43277
 43277
 43277
 43277
 43277
 44638
 44031
 43516
 42886
 43981
 43981
 43981
 44887
 39397
 42233
 42580
 42580
 42580
 43293
 43293
 43293
 44498
 44498
 43007
 43007
 40669
 40669
 40119
 40119
 42344
 42344
 42323
 41887
 41887
 41887
 41727
 41887
 41361
 41149
 41149
 41307
 41307
 41383
 41383
 41383
 41583
 41583
 41583
 41756
 42302
 43998
 44106
 44106
 40850
 44106
 42834
 39460
 39460
 39653
 42834
 42834
 42834
 41885
 41885
 41885
 41885
 41885
 41885
 39873
 41885
 41844
 41844
 41844
 40406
 40406
 40406
 40406
 40406
 40406
 40406
 40406
 42196
 43036
 43036
 43365
 43365
 43365
 43365
 43365
 43126
 43071
 44228
 44310
 44171
 44106
 44106
 44106
 44106
 42630
 42630
 43641
 42489
 42489
 42489
 43611
 43239
 42998
 42597
 42473
 41639
 41263
 41263
 42179
 42179
 42179
 42179
 42179
 42179
 42261
 42759
 42759
 42212
 42759
 42759
 42759
 43576
 40387
 43576
 43005
 42745
 42950
 44516
 43627
 43634
 44116
 44106
 44106
 43439
 43783
 43783
 43783
 42245
 42245
 41710
 42245
 42245
 42948
 42824
 42948
 42948
 42948
 43617
 43617
 43617
 44418
 42288
 43727
 43727
 43727
 42783
 42057
 42057
 43055
 43055
 42119
 42119
 42119
 42119
 42119
 42119
 43191
 43191
 43191
 43595
 43648
 41327
 41247
 41247
 41247
 41109
 41109
 41109
 41109
 41109
 41109
 41109
 41109
 41623
 40993
 39456
 39456
 39456
 41623
 42904
 43523
 41674
 41674
 41674
 42402
 43498
 42674
 42674
 41105
 43542
 43542
 44355
 43335
 43335
 41850
 44704
 43553
 44287
 44604
 44604
 44099
 43529
 44012
 44099
 39487
 39487
 39487
 38934
 39487
 39487
 39487
 44008
 41990
 41990
 41409
 41409
 41409
 41409
 41409
 41409
 40797
 40797
 43292
 42938
 42938
 43639
 43639
 43639
 43639
 43639
 44293
 44293
 44293
 42436
 42436
 44347
 44041
 44041
 44041
 44041
 44041
 43135
 41894
 43135
 44041
 44041
 42094
 42094
 42094
 42094
 42094
 42094
 41911
 42094
 42478
 42398
 42398
 42398
 42398
 42031
 42031
 40802
 39944
 39944
 39944
 39830
 41145
 43713
 42550
 43713
 41807
 41807
 41807
 41807
 41807
 44031
 44253
 40703
 40703
 43486
 41705
 41705
 42315
 41726
 41726
 41726
 41726
 43140
 43140
 43107
 43107
 42371
 42371
 42371
 42346
 43902
 42656
 42656
 42656
 42842
 44601
 44601
 44558
 39776
 39776
 39776
 39776
 39776
 39776
 41497
 41497
 41497
 43540
 43540
 42744
 42744
 42744
 42519
 42744
 42744
 44114
 44114
 41608
 44003
 44003
 44003
 44003
 44003
 42641
 42641
 42641
 42641
 44472
 43746
 43105
 43105
 43105
 42081
 42081
 42081
 43105
 43105
 43105
 44130
 45057
 44291
 43611
 43696
 43744
 43744
 43875
 44498
 44498
 44884
 42837
 42837
 42837
 43509
 43333
 43509
 43509
 43509
 43509
 43509
 42982
 42982
 42982
 43421
 42862
 42862
 43421
 43421
 43421
 42148
 41464
 41464
 42984
 43577
 43577
 43577
 42986
 42656
 43752
 43752
 42984
 42984
 42984
 42984
 42984
 42984
 42984
 42984
 42984
 42984
 42984
 42984
 43440
 42970
 42970
 42970
 42970
 42970
 42970
 42970
 42970
 42970
 42970
 42970
 42970
 43024
 42561
 43024
 43211
 43211
 43211
 40768
 43191
 37583
 38072
 38072
 38072
 38072
 43585
 44438
 44438
 38947
 38947
 38947
 38947
 38947
 42752
 42752
 42752
 42752
 42752
 42752
 42557
 42557
 42557
 42557
 43602
 43602
 39920
 43264
 43264
 43264
 43264
 43751
 43751
 43751
 43751
 43751
 41918
 41918
 43816
 43816
 43519
 43816
 45786
 43367
 43367
 43367
 43367
 43367
 45277
 45277
 42961
 45277
 45277
 45956
 44834
 44748
 42590
 42590
 41859
 41859
 41859
 41859
 42447
 43477
 44221
 44221
 44968
 44417
 45196
 43699
 43638
 44948
 43148
 43472
 43472
 43674
 43674
 43674
 44899
 44899
 44644
 45049
 45049
 44844
 45392
 44837
 44420
 44837
 44837
 44837
 45227
 45061
 40974
 40974
 40974
 40974
 42549
 42544
 42549
 42549
 43796
 40406
 40406
 40406
 40406
 40406
 40406
 40406
 40406
 40406
 40406
 40406
 40705
 41434
 41434
 41434
 41434
 41973
 41973
 41823
 41823
 41823
 41823
 41823
 43124
 43244
 43244
 43033
 43033
 43033
 43033
 44242
 44242
 43826
 43264
 43264
 43264
 43826
 43826
 43826
 42171
 42171
 41088
 43016
 43016
 42273
 42414
 42414
 42414
 42414
 40348
 40348
 40348
 42956
 42956
 42956
 42956
 42956
 43158
 43158
 43309
 43309
 43309
 43309
 43309
 43309
 43309
 43309
 42994
 42994
 42558
 42558
 41715
 43074
 43074
 43074
 43783
 43783
 43081
 43081
 43783
 43783
 41075
 42746
 42746
 42746
 42746
 44311
 44195
 44195
 43536
 43536
 43536
 43536
 43162
 43162
 43162
 43983
 43983
 43983
 44288
 44218
 44288
 44261
 43137
 42914
 42914
 42914
 42914
 42914
 42393
 42393
 42393
 42393
 42393
 42393
 42393
 45546
 45898
 45445
 44627
 44627
 44515
 44515
 44515
 44197
 44197
 44197
 43741
 43741
 44002
 40605
 42056
 42056
 42056
 42056
 42056
 42056
 42056
 41239
 41239
 42644
 41557
 44613
 44613
 44029
 42783
 43305
 43305
 43305
 42531
 41734
 41734
 41734
 42207
 42207
 42207
 42207
 44088
 44088
 44088
 44088
 45284
 44810
 45284
 45284
 45284
 45284
 43929
 44504
 44202
 44202
 43199
 45029
 42318
 42318
 42318
 42318
 42318
 44017
 43876
 43273
 43876
 44014
 44014
 43332
 43332
 43332
 43332
 43332
 43332
 43332
 43332
 43332
 43332
 43332
 45349
 45349
 45349
 45821
 45821
 45981
 45529
 43793
 43793
 44626
 44626
 44626
 44626
 44626
 44432
 44752
 44752
 45389
 44868
 44868
 45027
 44464
 44464
 44935
 44935
 45203
 43292
 42590
 43292
 43906
 43906
 43906
 43906
 43906
 44387
 44387
 45736
 44125
 45836
 42827
 42827
 45771
 45570
 45746
 43316
 43316
 42990
 42990
 43560
 42949
 40669
 43739
 43739
 41600
 41600
 41600
 41600
 41493
 41493
 41493
 41493
 40754
 40754
 40754
 40754
 40754
 40754
 40754
 40762
 40762
 39500
 43635
 43635
 44688
 43988
 43988
 44088
 44808
 43643
 42979
 42979
 42979
 43782
 43782
 43782
 43358
 43782
 44106
 43994
 44106
 44106
 44106
 44106
 44106
 44106
 43791
 43791
 43791
 43791
 43791
 43791
 42901
 43791
 43791
 43791
 44410
 44410
 42847
 42847
 42847
 42976
 42976
 43098
 43719
 43719
 42690
 42690
 42690
 42690
 41388
 41388
 41388
 41350
 41350
 41350
 41350
 42201
 42201
 42201
 42201
 42201
 42201
 42201
 39063
 39063
 39944
 39944
 39944
 39944
 43959
 41797
 41797
 44986
 42444
 44857
 44068
 42437
 42926
 42926
 42926
 42926
 42842
 42842
 42842
 42978
 42195
 42195
 42195
 43889
 44971
 45015
 45015
 45123
 43469
 43469
 44082
 42764
 42764
 42764
 43925
 40035
 40035
 40035
 43062
 41930
 41930
 41290
 41290
 41290
 41290
 42673
 42673
 42673
 40184
 40184
 40184
 40184
 42571
 42445
 42445
 42445
 43338
 43338
 43855
 43855
 43855
 43691
 44471
 43543
 43211
 43129
 43129
 44015
 44015
 44015
 44015
 44713
 43632
 43632
 44605
 44438
 44438
 44885
 44859
 43097
 43097
 43097
 43097
 43097
 43097
 44388
 44327
 43051
 45325
 45325
 45618
 43943
 44942
 45049
 44287
 44287
 42693
 42693
 42693
 42693
 42693
 43107
 43107
 41460
 41460
 41460
 41460
 43328
 44924
 44034
 44034
 44472
 44472
 44742
 44238
 40728
 40728
 40040
 40040
 40040
 41706
 41706
 41706
 41706
 41706
 41706
 41706
 43164
 43164
 43660
 43660
 43328
 43328
 43837
 43837
 43837
 43837
 43374
 43837
 41377
 41377
 41377
 41377
 41377
 42371
 42371
 42371
 42371
 42518
 42518
 43424
 41455
 43217
 38072
 38072
 38072
 38072
 38072
 38072
 38072
 38072
 41169
 42322
 41354
 41354
 44107
 44107
 43778
 44107
 44913
 44913
 44913
 44161
 44315
 45225
 43957
 44802
 44802
 44346
 45862
 43067
 43067
 43067
 42747
 44793
 44341
 43775
 44647
 44134
 44134
 44134
 43422
 43601
 42994
 42994
 42945
 42945
 42945
 42945
 42805
 42805
 42994
 42994
 42994
 42974
 43246
 43200
 43200
 43200
 43200
 43200
 44334
 43600
 43600
 43600
 43600
 42758
 42758
 42758
 42758
 37953
 42779
 42779
 42779
 43732
 42989
 41297
 42402
 42402
 43111
 44065
 44065
 44065
 43658
 43658
 43658
 43658
 43658
 43658
 43658
 43658
 42160
 41470
 41470
 43721
 41891
 42938
 43721
 41079
 41079
 41079
 42163
 42163
 42515
 42515
 42515
 43066
 43066
 43066
 43066
 42350
 42350
 39867
 39867
 39867
 39867
 43812
 43812
 43812
 43812
 43781
 43192
 44339
 44873
 44395
 44395
 44395
 44395
 44474
 43516
 40610
 44727
 44533
 41965
 41965
 41965
 41965
 43060
 42021
 41425
 41425
 41425
 41419
 41663
 41663
 41663
 41663
 41663
 41663
 44915
 44915
 44831
 43141
 44794
 44774
 44794
 43592
 45235
 45235
 46132
 45430
 45105
 44435
 44435
 42734
 43438
 43438
 44282
 44282
 44282
 43639
 43639
 43639
 43639
 44220
 44220
 44155
 44155
 44220
 44220
 44220
 43381
 43381
 43381
 43182
 41522
 41522
 44369
 41723
 41723
 41723
 41723
 41723
 42927
 42630
 43169
 43063
 42142
 42142
 42142
 42142
 42142
 42142
 42142
 42142
 42142
 42142
 42142
 42142
 42142
 42142
 42142
 42142
 42142
 42142
 42414
 42414
 42414
 43042
 42158
 43042
 44341
 44341
 44341
 44341
 44341
 44341
 44341
 43300
 43300
 43300
 39030
 40827
 40827
 40827
 40827
 40827
 40827
 40827
 43781
 44169
 43628
 44169
 43325
 44095
 44095
 44095
 42590
 41937
 42710
 42710
 42710
 42710
 42710
 43680
 43680
 43680
 43680
 43680
 43680
 44640
 44640
 44116
 44116
 44116
 44116
 44640
 44640
 44531
 43416
 42378
 42683
 44294
 44294
 43628
 42725
 42725
 42725
 42725
 42725
 43424
 43424
 43424
 41403
 43424
 43424
 43424
 42754
 43424
 43424
 44225
 43106
 43106
 43106
 43106
 43635
 43702
 43870
 43870
 43786
 43786
 43786
 43242
 43696
 44155
 44123
 43522
 42410
 42410
 42665
 42665
 42665
 42665
 43522
 41318
 41318
 41318
 41318
 43522
 42509
 43522
 43522
 43522
 43522
 44058
 44688
 44688
 44563
 44563
 44379
 44379
 44845
 44634
 44634
 44845
 44845
 43699
 43699
 44221
 45085
 44824
 44489
 43977
 44061
 44061
 43840
 43840
 42487
 42487
 42487
 42487
 42487
 42487
 42487
 40328
 41065
 44833
 44833
 42044
 42044
 43404
 42811
 42811
 42811
 42811
 42583
 41670
 42142
 42583
 44486
 44734
 44734
 44734
 43740
 43740
 43740
 41739
 41739
 43654
 43654
 43402
 43654
 43654
 43664
 43819
 43819
 43819
 43819
 42543
 42543
 42543
 42371
 42371
 42371
 42371
 42517
 42517
 42517
 42517
 43631
 43631
 43631
 42086
 44830
 44732
 43858
 44830
 43427
 44658
 44658
 45110
 45110
 44473
 42681
 42681
 42681
 45358
 44487
 44503
 44503
 44503
 45075
 45075
 44326
 44326
 44326
 45333
 44416
 41733
 43799
 43799
 43799
 42557
 43283
 43283
 43283
 43283
 43283
 43283
 43283
 43081
 43283
 43283
 44425
 43963
 43963
 44049
 44049
 44017
 45212
 45133
 44614
 44614
 42911
 42682
 42682
 41557
 42682
 42911
 42911
 44105
 43335
 43335
 41302
 41302
 41302
 42413
 42413
 42413
 42413
 42413
 42413
 42070
 42070
 42070
 42070
 42070
 42070
 42070
 42070
 42070
 42070
 42070
 42070
 42504
 42504
 42093
 42093
 42093
 42093
 42093
 42093
 42093
 42093
 42093
 40749
 40749
 42093
 43207
 43207
 42998
 42998
 40959
 40959
 40959
 40959
 40959
 40959
 40959
 40959
 40959
 40959
 43549
 43425
 41044
 41044
 43892
 43392
 42081
 42081
 42081
 42081
 42081
 42081
 42081
 42942
 42816
 42816
 42221
 42221
 42221
 43392
 42671
 42671
 41313
 41313
 41313
 41313
 41313
 41313
 44231
 42949
 42542
 42607
 42965
 42836
 42245
 42253
 42253
 43314
 44597
 43266
 43266
 43266
 44202
 41891
 41891
 41891
 42080
 42080
 42080
 43045
 42528
 42528
 43045
 43028
 43450
 43450
 43221
 43221
 44058
 43774
 43722
 43722
 43774
 44201
 44201
 45551
 43899
 43899
 42736
 42736
 44147
 44147
 44354
 43777
 43777
 43251
 41825
 41825
 42044
 42044
 41401
 42760
 42760
 42760
 42760
 42760
 42760
 42760
 43090
 43090
 43090
 43550
 44436
 43770
 43770
 43601
 42483
 43601
 42672
 42672
 42672
 42672
 42672
 43987
 43207
 43207
 43164
 43164
 43207
 43207
 43926
 43512
 44384
 44384
 44093
 44093
 44384
 40968
 40968
 40968
 40968
 43171
 43171
 43171
 42142
 42142
 41547
 42055
 42055
 41752
 41752
 41752
 41752
 41752
 42055
 44496
 43298
 43555
 43555
 43555
 43555
 43555
 43555
 43555
 44717
 45237
 43156
 44481
 45097
 42727
 44340
 44972
 44661
 44661
 44661
 44661
 44661
 44661
 44383
 44661
 44598
 42380
 42380
 38557
 41400
 41400
 42132
 43316
 43316
 43316
 43316
 42750
 42750
 45045
 44847
 44312
 42414
 42414
 42414
 42414
 42414
 42414
 43132
 43132
 43842
 43188
 43188
 44398
 40937
 40937
 41751
 40388
 40388
 41311
 41624
 42256
 43114
 43223
 43223
 43400
 43359
 43359
 43359
 43359
 43359
 43359
 43359
 44058
 44058
 44058
 44058
 44058
 44017
 44017
 45241
 44055
 45241
 43021
 45241
 45106
 44617
 42759
 42759
 42516
 44251
 44251
 43995
 43995
 43687
 43687
 42239
 42239
 41753
 41753
 41753
 41753
 41753
 43323
 43323
 41553
 41553
 41553
 41553
 43323
 40742
 40742
 40742
 42828
 42874
 42158
 42158
 41928
 41928
 41928
 41928
 41928
 41928
 43921
 43921
 42357
 43921
 42978
 43921
 43921
 43921
 43921
 42880
 42880
 43432
 43213
 43213
 40316
 43123
 42520
 42147
 42147
 42147
 42147
 42147
 42147
 41245
 41580
 41580
 41221
 40149
 40149
 41209
 41209
 41209
 42862
 43599
 43599
 42955
 42955
 43750
 42874
 43282
 43750
 43502
 43502
 44414
 44414
 44414
 42837
 43064
 43064
 44413
 44413
 44413
 44413
 44413
 44413
 44413
 45472
 44478
 44967
 44967
 44263
 45483
 44507
 44507
 44507
 44507
 45233
 45350
 44321
 44321
 42971
 42971
 42971
 41936
 42971
 42874
 42780
 42780
 40876
 42780
 42780
 43325
 42665
 42665
 42665
 42665
 42665
 42665
 42665
 43758
 43581
 43758
 43153
 43899
 43899
 43899
 40851
 42242
 42700
 42700
 43141
 43272
 43231
 43002
 43002
 43002
 43046
 42534
 42889
 42470
 42470
 42470
 42470
 42470
 40927
 40167
 42320
 42320
 42320
 42320
 42083
 42083
 42083
 42470
 42470
 42470
 43720
 42358
 41444
 42358
 42358
 42358
 42358
 42358
 42358
 42358
 42358
 42324
 42324
 43748
 43401
 43401
 42127
 42127
 42901
 42939
 42939
 42939
 42939
 42939
 42939
 44286
 44286
 44286
 45588
 43695
 43695
 43229
 43229
 43229
 42236
 43229
 44460
 43508
 44460
 44437
 44460
 44778
 43085
 43085
 43085
 42168
 43085
 43085
 43085
 40749
 40749
 40749
 40749
 42403
 42911
 42911
 43633
 43203
 44756
 43277
 43277
 44540
 43192
 43192
 42680
 44870
 43815
 44870
 44870
 44703
 45538
 43508
 43296
 43296
 43296
 44508
 43850
 43547
 43547
 43547
 43325
 43325
 43325
 43325
 43180
 43180
 43180
 43180
 44753
 44753
 43724
 43724
 43724
 43724
 43724
 43724
 43724
 44121
 44690
 45595
 43718
 42889
 42889
 43718
 43718
 43718
 43704
 43704
 43704
 43596
 45445
 44458
 44712
 43678
 43623
 43340
 42756
 42756
 42756
 40988
 40988
 40988
 40988
 42836
 42836
 42836
 42836
 43511
 43511
 43511
 44085
 44705
 44705
 43814
 44705
 44052
 43676
 43676
 43676
 43676
 43676
 44052
 44052
 44052
 43391
 43391
 44279
 44279
 44279
 44279
 44279
 44388
 44388
 43820
 43771
 43316
 43729
 41975
 41975
 43035
 43035
 43035
 39984
 41688
 41484
 41688
 42251
 40006
 40006
 40006
 40006
 40006
 40940
 39076
 40006
 40940
 42969
 42969
 39777
 39777
 39777
 39777
 42818
 42692
 42818
 42818
 42818
 42818
 42818
 42818
 42818
 42818
 41604
 41604
 41604
 41604
 41604
 41604
 41604
 41604
 41604
 41604
 41081
 41220
 41604
 41881
 41881
 41881
 41881
 41881
 41881
 41881
 41620
 41241
 41241
 41241
 41240
 41240
 41240
 40949
 41240
 41240
 42719
 42719
 42719
 42719
 42433
 42433
 42388
 42490
 42490
 42467
 42467
 42467
 41987
 41987
 41987
 41987
 41684
 41684
 41895
 41895
 42349
 42349
 42349
 42349
 42858
 42858
 42858
 42858
 42858
 42881
 43923
 43989
 43989
 44652
 43979
 42979
 42979
 42979
 42979
 42979
 42979
 42979
 42979
 42979
 42979
 42979
 42979
 42433
 42380
 42380
 42380
 43382
 43344
 43382
 44669
 44669
 43571
 43571
 43571
 43284
 43284
 44132
 44062
 44062
 44062
 44062
 42795
 42795
 43286
 42985
 43286
 42484
 41667
 43286
 42028
 42296
 42296
 42296
 41228
 41228
 41228
 41228
 42296
 42296
 42296
 42296
 42296
 42296
 42296
 42296
 42296
 42296
 42296
 42296
 44098
 43617
 43617
 43122
 41570
 43134
 44105
 44105
 44105
 44105
 44105
 42898
 42898
 42898
 42536
 42536
 42536
 42536
 42536
 42536
 44311
 44277
 43773
 43773
 43786
 42893
 42893
 42700
 44137
 43788
 43594
 43788
 43788
 42745
 42745
 42745
 43309
 43120
 43120
 43193
 43193
 42890
 42890
 42890
 42890
 42890
 42888
 42888
 42888
 41925
 41925
 43470
 43470
 43470
 43470
 42920
 42920
 42920
 43003
 43144
 43839
 43839
 41041
 42842
 42842
 42719
 42719
 42878
 42878
 42878
 42878
 42878
 42878
 42015
 42015
 42015
 42015
 43691
 43334
 43334
 44212
 43126
 44027
 41188
 41188
 44027
 43022
 44050
 44050
 44050
 44050
 44050
 42769
 42031
 42031
 42031
 42031
 43398
 43141
 43141
 43141
 43190
 43190
 40418
 40418
 43021
 43021
 43021
 43485
 43742
 43742
 43742
 43742
 44058
 44058
 44058
 44058
 43020
 43020
 42202
 42202
 42602
 42602
 43016
 40744
 41095
 41095
 41745
 41791
 41791
 43670
 43670
 43670
 44149
 44460
 43533
 44410
 43963
 43639
 43639
 42378
 42378
 41747
 41747
 41747
 41747
 41747
 41747
 41747
 41747
 41747
 43287
 44396
 44396
 44396
 45796
 44266
 44732
 44732
 43603
 43603
 43603
 43603
 43603
 43603
 43269
 43269
 44207
 44530
 44530
 44641
 44641
 44555
 42991
 43509
 43570
 43570
 44174
 43610
 43610
 43129
 44184
 44184
 44184
 44097
 44097
 44097
 44097
 44097
 44630
 44630
 43920
 43920
 43920
 43920
 43671
 43671
 43671
 43671
 45263
 44652
 44510
 44386
 44386
 44331
 40200
 40200
 40102
 40102
 40102
 40102
 44700
 44700
 43689
 43263
 44928
 44474
 44377
 44056
 44056
 44056
 43853
 43853
 43853
 44056
 44056
 44960
 43883
 45230
 45230
 44930
 45542
 45542
 43733
 45297
 44604
 42592
 39871
 42855
 42855
 42855
 42855
 42855
 42855
 43369
 43369
 43369
 43369
 43369
 43611
 41958
 41958
 46015
 45916
 44449
 43546
 44449
 43237
 43762
 44067
 44067
 44016
 43754
 43754
 43754
 43754
 43957
 43957
 42237
 41482
 42237
 42237
 42237
 42787
 43152
 41535
 41535
 43064
 43181
 44318
 43687
 44519
 44165
 44165
 43925
 43925
 44635
 44635
 42831
 42831
 42831
 43026
 43026
 43178
 42059
 40664
 40664
 42925
 42925
 42925
 42925
 44707
 42917
 42917
 42917
 43153
 43153
 43306
 43306
 43306
 43311
 43891
 43293
 43891
 41223
 43891
 43392
 45390
 43023
 43023
 43023
 43023
 43023
 43023
 40841
 40841
 42611
 42957
 43160
 43160
 41476
 41476
 41476
 42659
 42659
 42544
 42410
 42410
 41028
 41051
 43692
 43692
 43692
 42802
 42802
 43811
 43813
 43813
 42516
 42516
 42655
 42655
 42655
 42655
 42655
 42678
 42678
 42678
 42678
 42678
 42678
 42678
 41439
 42743
 42743
 42743
 42743
 43094
 43331
 43576
 43576
 43576
 43576
 42302
 43641
 43641
 43641
 43155
 43155
 44779
 44779
 44219
 43880
 42361
 42361
 42361
 42361
 40610
 44223
 44577
 43388
 42781
 42433
 42433
 42433
 42433
 42433
 43307
 39963
 42392
 41282
 42392
 42392
 42392
 42392
 42392
 42392
 42392
 42392
 42392
 42392
 43453
 41870
 43219
 43219
 43376
 43079
 43376
 43269
 43269
 43269
 43269
 43269
 43269
 43269
 44835
 44482
 44482
 44482
 44482
 44482
 44936
 44936
 44936
 44936
 44676
 44936
 43902
 43902
 43280
 43280
 43384
 43384
 43384
 43293
 44235
 43572
 44731
 43677
 43656
 42568
 43780
 43780
 43633
 42839
 42564
 42564
 42489
 42489
 42489
 44516
 44516
 43991
 43991
 43991
 43383
 43524
 43524
 41775
 43235
 43666
 42514
 43325
 43325
 43666
 41903
 41903
 41903
 43186
 43186
 43186
 43395
 42478
 42478
 42478
 42740
 42740
 42426
 42173
 42173
 42173
 42173
 42173
 42970
 43470
 42454
 43776
 43776
 43776
 43776
 43932
 42906
 42906
 42329
 43119
 43119
 45268
 43551
 42648
 41356
 41356
 41356
 41356
 43612
 43612
 43612
 43612
 42347
 42347
 42347
 42347
 42347
 44259
 44259
 43868
 43868
 43201
 43201
 43201
 43201
 42423
 42423
 38890
 40946
 40946
 40946
 40946
 40946
 40946
 40946
 40946
 40946
 39752
 40946
 44998
 43669
 43003
 43003
 44928
 45156
 45156
 44418
 44418
 44418
 42549
 43338
 43338
 43338
 43338
 43338
 43240
 44049
 44049
 44049
 44491
 44491
 43921
 43921
 43921
 43921
 42428
 41541
 42428
 42428
 42428
 42428
 42428
 42483
 42483
 41764
 41764
 41764
 41764
 43219
 43219
 43546
 44505
 43969
 43233
 42947
 44505
 44505
 44590
 44350
 44350
 43441
 42680
 42425
 42059
 42059
 42059
 42059
 42059
 42059
 42059
 43582
 43582
 43779
 42689
 42689
 44463
 42045
 42045
 43147
 43147
 42741
 42741
 43147
 42988
 43837
 42451
 42451
 45173
 45173
 44696
 43318
 43318
 43318
 43318
 43318
 43318
 43318
 41654
 41654
 41654
 44127
 44800
 43032
 44800
 43555
 39898
 39898
 39898
 39898
 39898
 39898
 43139
 43242
 43142
 43142
 43142
 43142
 43142
 41273
 41273
 41273
 41273
 41273
 43325
 43200
 43209
 43209
 43209
 43209
 42782
 42782
 42782
 42782
 42782
 42161
 42782
 42782
 42782
 43325
 43325
 42479
 42479
 42479
 42479
 41815
 41815
 41815
 41815
 41815
 41815
 42995
 42995
 42995
 41565
 41565
 41565
 41565
 42895
 42895
 43646
 43239
 43239
 44147
 44147
 44147
 44147
 44147
 42849
 42038
 42038
 42546
 42849
 42849
 43642
 43642
 43642
 43510
 43510
 43109
 43109
 43109
 43109
 43109
 43380
 43522
 42790
 44872
 44872
 44872
 44820
 44820
 43915
 44354
 44354
 45072
 44883
 45072
 45072
 44851
 44036
 44036
 42010
 41774
 41774
 43728
 43728
 43165
 43165
 44359
 44359
 44359
 43363
 43363
 44658
 44658
 42798
 42798
 42798
 44096
 42405
 42405
 42405
 42405
 43246
 43246
 43246
 43246
 43246
 44189
 43804
 41784
 41784
 41784
 41784
 41784
 42523
 42523
 42523
 44107
 44107
 44107
 44143
 44143
 44143
 44143
 44143
 43362
 43728
 45734
 44709
 43796
 43796
 44628
 43749
 44784
 43746
 42797
 42797
 42797
 42797
 44724
 44412
 44412
 42642
 42642
 42642
 40523
 40523
 40523
 40523
 40523
 40523
 41997
 41997
 41997
 42494
 41609
 42317
 42317
 42317
 43628
 43770
 43770
 43770
 43770
 44531
 44425
 44002
 42524
 39507
 42886
 42886
 43413
 42666
 43159
 43159
 43281
 43723
 42600
 42600
 42600
 42600
 42600
 42600
 42600
 43181
 41794
 42912
 42912
 44135
 44284
 44434
 43563
 43563
 42721
 42624
 42624
 42721
 42721
 42721
 42883
 42883
 42922
 42922
 42922
 42922
 43194
 43194
 43194
 43194
 43194
 43353
 43884
 43884
 43528
 43884
 42704
 44591
 44852
 43678
 45009
 44260
 44289
 42903
 44746
 43572
 43088
 43088
 43088
 42174
 42174
 42226
 42226
 42226
 40192
 43041
 43041
 43678
 41843
 41843
 41843
 42151
 42151
 42151
 43732
 43732
 43732
 42743
 41053
 41053
 41053
 44010
 44010
 44165
 44165
 43451
 43451
 43451
 43451
 46270
 46127
 45500
 45477
 45477
 44176
 44176
 43482
 43684
 44219
 44219
 43177
 43177
 43177
 43177
 43177
 42886
 42886
 42886
 44647
 43706
 43706
 43706
 43706
 40791
 40791
 40791
 40791
 40791
 41835
 41835
 41835
 41835
 41835
 42819
 42819
 42819
 42377
 42377
 42377
 42377
 42377
 42377
 42377
 42377
 42377
 42377
 42377
 42377
 42130
 42130
 42130
 42130
 42130
 44052
 42452
 42452
 42452
 42452
 42452
 42600
 43810
 43519
 40984
 40984
 41876
 41876
 41249
 41249
 41249
 43512
 42544
 42544
 42544
 42544
 42544
 42544
 42544
 42544
 42590
 40358
 41450
 41450
 41450
 44183
 44183
 44183
 43354
 43354
 44183
 44322
 44322
 44311
 44322
 44322
 44322
 44322
 44322
 44322
 44412
 44364
 41394
 41394
 41394
 41394
 41394
 43195
 42509
 42509
 41973
 41973
 41973
 43746
 43746
 43790
 43527
 43874
 43874
 44773
 43470
 43734
 43662
 43734
 43734
 44153
 43585
 43585
 43585
 43585
 43585
 43585
 43585
 44276
 44276
 44090
 44276
 43699
 44113
 42420
 42420
 42420
 42420
 42420
 41941
 41464
 42420
 43509
 43509
 43739
 44779
 42406
 42174
 42462
 42462
 42462
 42462
 42462
 42462
 44292
 43056
 42393
 42393
 42393
 42393
 42393
 42393
 42393
 43152
 43152
 43789
 45067
 45096
 45096
 43960
 43960
 43665
 43960
 45071
 45071
 43802
 42559
 42559
 42727
 42979
 42979
 43163
 43163
 44171
 44171
 44171
 42629
 44367
 43210
 43473
 42768
 40979
 42036
 42036
 42036
 43337
 43373
 43373
 43373
 42665
 42665
 42665
 42665
 43073
 43073
 43073
 43073
 43073
 42973
 43073
 42838
 42838
 42838
 42838
 42838
 42825
 42825
 42594
 42594
 42594
 42801
 42801
 42801
 42801
 42801
 42801
 43668
 43668
 43668
 43628
 43628
 41383
 41383
 41383
 43628
 44963
 44088
 42467
 43027
 43027
 44115
 43442
 43442
 43442
 44115
 44115
 44671
 43956
 44671
 44259
 44259
 44666
 44640
 44640
 44640
 44640
 43842
 43842
 43231
 43842
 43140
 43842
 41044
 41044
 41044
 41044
 41044
 41044
 44430
 44387
 44773
 42696
 44773
 44773
 44439
 43944
 43624
 43026
 43398
 41318
 42272
 40639
 40639
 40639
 40639
 43365
 43365
 43365
 41049
 41049
 41049
 41049
 41049
 41049
 41980
 41960
 42182
 42182
 42182
 43524
 42643
 43742
 42948
 42948
 41301
 41524
 41524
 42642
 42642
 42642
 43556
 43034
 43034
 42578
 43034
 43734
 41019
 43547
 41116
 41116
 41116
 41116
 41116
 41116
 43508
 43693
 43265
 43693
 43417
 43107
 43107
 43107
 42365
 42365
 42365
 42365
 42365
 42365
 43701
 43807
 42649
 43027
 43027
 43027
 43183
 43183
 43183
 43183
 43183
 43183
 43147
 42934
 42934
 42334
 43378
 44484
 42586
 42548
 43547
 43349
 43341
 43102
 43338
 43338
 42832
 43338
 44003
 41682
 41297
 41209
 43544
 43426
 42794
 42794
 40457
 40457
 40457
 40457
 40457
 40457
 40457
 41307
 39905
 39905
 39905
 40614
 40614
 40614
 40614
 40614
 40614
 40614
 40614
 40614
 41650
 41542
 41542
 40121
 41867
 41867
 41867
 42419
 42331
 42419
 42419
 43126
 43126
 43420
 43420
 43420
 43420
 42404
 42404
 43420
 43420
 43420
 42831
 42831
 43227
 43003
 41696
 41696
 43003
 42931
 42931
 42931
 42931
 40062
 40062
 39497
 41664
 43340
 44238
 41832
 43894
 43894
 44447
 44043
 43679
 44660
 43524
 43766
 43766
 42936
 42936
 42293
 42074
 43658
 43044
 43784
 43784
 40986
 40986
 42199
 44031
 44031
 42508
 42508
 42382
 42382
 42382
 42382
 42382
 42836
 42131
 42131
 43805
 43805
 42525
 42525
 44041
 43810
 43522
 43522
 43522
 43522
 43522
 43522
 43522
 43522
 44448
 43660
 43660
 44448
 44448
 44240
 43481
 43481
 43089
 43089
 43089
 42387
 42041
 42041
 42387
 42387
 41310
 41310
 43025
 41974
 41974
 41974
 41974
 43102
 42700
 42700
 42700
 42700
 43698
 42780
 42780
 42780
 42780
 42780
 41634
 42780
 42780
 44660
 44660
 44660
 44717
 42615
 43131
 41776
 41776
 42497
 42497
 42497
 42497
 42497
 42511
 43239
 43053
 43239
 43239
 43355
 43355
 43806
 43806
 42645
 40375
 44474
 44474
 39801
 39801
 39801
 43682
 43682
 43682
 43682
 43146
 43146
 43943
 43943
 43662
 43662
 41637
 41637
 41637
 41637
 41637
 43193
 43193
 43119
 43662
 43662
 43662
 42951
 44417
 44417
 44789
 44789
 44223
 36183
 43560
 43170
 42367
 42367
 42367
 44137
 43804
 43804
 42448
 42448
 43804
 43804
 43581
 43349
 42004
 42633
 41632
 41632
 41632
 41632
 41632
 40548
 42102
 42102
 42102
 42102
 42435
 42435
 42435
 40073
 40073
 40073
 40073
 40073
 42693
 41518
 41518
 42693
 41967
 41967
 41967
 41967
 41553
 41553
 41553
 41553
 41213
 42051
 42883
 43098
 41439
 41439
 41439
 41439
 41439
 41439
 41439
 41439
 41439
 41142
 41142
 41142
 42096
 39689
 39464
 42470
 42470
 43716
 43716
 43679
 43679
 43716
 43716
 44606
 44658
 43305
 43305
 43305
 43305
 43305
 43305
 43128
 42962
 42962
 42962
 42693
 42693
 42693
 42693
 42693
 42693
 42550
 42550
 42550
 42550
 42550
 42550
 42550
 42550
 42550
 43877
 44364
 44364
 44364
 44364
 42494
 42494
 42494
 42494
 42494
 42494
 42494
 44465
 44429
 44429
 44429
 44429
 44152
 43882
 42950
 43551
 43551
 43551
 43551
 44836
 43192
 42870
 45536
 45536
 45066
 44062
 43726
 42423
 42423
 42423
 42423
 40700
 42790
 43604
 42285
 42285
 43336
 43807
 44443
 44443
 44443
 42444
 44443
 44404
 43936
 43180
 43936
 43936
 44340
 44340
 43924
 43924
 43924
 43924
 43924
 40982
 40623
 40394
 43024
 43024
 43024
 42084
 42084
 40059
 40059
 43024
 42624
 43221
 43221
 44628
 43544
 41462
 43231
 43231
 43231
 43231
 43231
 43231
 43231
 43231
 43231
 43231
 43231
 43409
 43409
 40490
 42274
 43271
 41430
 41430
 41213
 41213
 41213
 41213
 41213
 41699
 42526
 42526
 43217
 43217
 43217
 43217
 43217
 43217
 43297
 43297
 43297
 43651
 43651
 44025
 44025
 41609
 41609
 41101
 41101
 41262
 41262
 41262
 41527
 41527
 41380
 41380
 42901
 41975
 41975
 42809
 42809
 42247
 42247
 42247
 42247
 42247
 43674
 43847
 42187
 40411
 43985
 43985
 42789
 42789
 42789
 42789
 44269
 44269
 44269
 44269
 42869
 44075
 44269
 44432
 43280
 43280
 42920
 43935
 44465
 43397
 44037
 39614
 40781
 40781
 39777
 42280
 41269
 41842
 41842
 40636
 40636
 40636
 40636
 40636
 40636
 40636
 40636
 42280
 42280
 42280
 40458
 40458
 40593
 40162
 40593
 40593
 39589
 39589
 39589
 39589
 39589
 39589
 39000
 39299
 40717
 40717
 41482
 41482
 41482
 41482
 43102
 41599
 41599
 41599
 41599
 42026
 42026
 42771
 42771
 42875
 42875
 42875
 43052
 43742
 43632
 43632
 43782
 42718
 42718
 42717
 42717
 41857
 42717
 42717
 42717
 42717
 42717
 42717
 42717
 42235
 42235
 42235
 42235
 43231
 43994
 44162
 43252
 44162
 44162
 42131
 41757
 41757
 39581
 39581
 39581
 39581
 40648
 40648
 40648
 40648
 40648
 40648
 42456
 42456
 42456
 40547
 40547
 40089
 41188
 41188
 41188
 41188
 41188
 43854
 44084
 44084
 44084
 42971
 44395
 43543
 43543
 43543
 43432
 43432
 43548
 43798
 45330
 44132
 43793
 43793
 42750
 43715
 43839
 43839
 40190
 40190
 40190
 39564
 44809
 44442
 42084
 43459
 41135
 42677
 43459
 43459
 43459
 42046
 42321
 45157
 45147
 44857
 45147
 45147
 45147
 43695
 45116
 42443
 42443
 42443
 42904
 42904
 43031
 43031
 43031
 43425
 43425
 43425
 43425
 43425
 43425
 41526
 41526
 41526
 41526
 40849
 40849
 40849
 40849
 40849
 40849
 40849
 40822
 40822
 40822
 41263
 41263
 41263
 41263
 42213
 42213
 41990
 41990
 41990
 41990
 41990
 41990
 41990
 42184
 43251
 39735
 39735
 39735
 39546
 39735
 39735
 43202
 43202
 41971
 42737
 42737
 42737
 42832
 42832
 42832
 41082
 41082
 43083
 43083
 43083
 41630
 41630
 43923
 43923
 44401
 44401
 43460
 43460
 43460
 43822
 43822
 42511
 42896
 42896
 43822
 43674
 43674
 43674
 42499
 42499
 42499
 42499
 42499
 42499
 42499
 42499
 41358
 41358
 39797
 39797
 43410
 42757
 43665
 43665
 42041
 42882
 42081
 42081
 42081
 42081
 42081
 42081
 42081
 42081
 42081
 42081
 42081
 42159
 41434
 42159
 43716
 41530
 43393
 45176
 45422
 44209
 44130
 41931
 43698
 43698
 43698
 40174
 40174
 40174
 40044
 41932
 41932
 40945
 40945
 40945
 40945
 42531
 42531
 42531
 41881
 41881
 42866
 42866
 42866
 42866
 43906
 44201
 43013
 45304
 45657
 44758
 45429
 45330
 44486
 44001
 44001
 43823
 43560
 44001
 43957
 44001
 43911
 43562
 40092
 42716
 43562
 43562
 43562
 44731
 43263
 41726
 43810
 43810
 42477
 43683
 43462
 43462
 42439
 41840
 41840
 41910
 41910
 41397
 41397
 43221
 43221
 41673
 42090
 42090
 42090
 41780
 42090
 44605
 41574
 41574
 42165
 42165
 42213
 42213
 42213
 42901
 42901
 42901
 42901
 42901
 43562
 43503
 43849
 43945
 41474
 43469
 43469
 43923
 43089
 44573
 44722
 42952
 43624
 43625
 43231
 43344
 42937
 42937
 42279
 42937
 43621
 44361
 44361
 42058
 42058
 42058
 42058
 41999
 43180
 43495
 43495
 44050
 44050
 44050
 42946
 42946
 42946
 42946
 42946
 40911
 40911
 40911
 40911
 43746
 44037
 42722
 42722
 42722
 40803
 40803
 42722
 42869
 43137
 43137
 43137
 43137
 43695
 43730
 43598
 43730
 43730
 43730
 43429
 43314
 43429
 43730
 43730
 43730
 44445
 43647
 43255
 43390
 43390
 44308
 44114
 44329
 43813
 43813
 43813
 43221
 43221
 43221
 42612
 45037
 45235
 44482
 45235
 42684
 42684
 42684
 42684
 42505
 44167
 44167
 44167
 44167
 43280
 43280
 43280
 44886
 44886
 43627
 44886
 44886
 43962
 44545
 45223
 44626
 43380
 43380
 43497
 44072
 44406
 41769
 41769
 43700
 43700
 43905
 44098
 43344
 43344
 42457
 42457
 42457
 42457
 42457
 42457
 42457
 44252
 43870
 44252
 44252
 43510
 43666
 43666
 43666
 44171
 44171
 44914
 43848
 44914
 43490
 43431
 45450
 45450
 43420
 43420
 43420
 43420
 45413
 45107
 44839
 44839
 44839
 44285
 44285
 44501
 44501
 44501
 44574
 44574
 42668
 44671
 44637
 43162
 43162
 40983
 40983
 40983
 43854
 44147
 44147
 44147
 44147
 41104
 43487
 43487
 43487
 43487
 43487
 43362
 43362
 44294
 44294
 44294
 44294
 42073
 42073
 42073
 42073
 42073
 42073
 43454
 43454
 43454
 43454
 43454
 43394
 43394
 42970
 43394
 43394
 43394
 43394
 42613
 43817
 43447
 43447
 44576
 44065
 44770
 44012
 43142
 43142
 44099
 41978
 42885
 42213
 44559
 44090
 44090
 44090
 44125
 44125
 44655
 44138
 44138
 44138
 45669
 45033
 43800
 43800
 43800
 43800
 44261
 44261
 44261
 44261
 44261
 44261
 42352
 42352
 42352
 40087
 40087
 44905
 44016
 43526
 44905
 44248
 44248
 43170
 41522
 43366
 43681
 43239
 43239
 43239
 43239
 43239
 43239
 44888
 44759
 44759
 42666
 42666
 42666
 43837
 43837
 44311
 43233
 44311
 43125
 43125
 43125
 43125
 43138
 43222
 43222
 40703
 40703
 40703
 40703
 40703
 43917
 43917
 43917
 42732
 42732
 42732
 42177
 42177
 43336
 43336
 43336
 43336
 43560
 43560
 43485
 44665
 44665
 42516
 42516
 44665
 44078
 41789
 41789
 42195
 42195
 42195
 42555
 42555
 42555
 42555
 42555
 42555
 42993
 42920
 42993
 42993
 42285
 43304
 40491
 40491
 40491
 42072
 42072
 42072
 42072
 42072
 42072
 42072
 42072
 43918
 43918
 43759
 43520
 42773
 43193
 43193
 43357
 43520
 43520
 43520
 43520
 43520
 43520
 43520
 43946
 43716
 43716
 43716
 43716
 43716
 43716
 44197
 43582
 44237
 43625
 43625
 43625
 43625
 44088
 44876
 42174
 44536
 43833
 42406
 42406
 44132
 43423
 43850
 42957
 43662
 43662
 43850
 43850
 43853
 43853
 44045
 42731
 42731
 42731
 42731
 43116
 43116
 43116
 43116
 43801
 45209
 44870
 44870
 44686
 43781
 43374
 43374
 44410
 44410
 41282
 41282
 42040
 41697
 42040
 43820
 44701
 44313
 44313
 43468
 42515
 43652
 43652
 43785
 43785
 43237
 42352
 42352
 42352
 42352
 42352
 42352
 42352
 42352
 42352
 42155
 42155
 42155
 43053
 40680
 42823
 43558
 44085
 44085
 42792
 42191
 42863
 43161
 43161
 43754
 43423
 43826
 42664
 42664
 42499
 42499
 42664
 42836
 43231
 42502
 43231
 43231
 43231
 43231
 42915
 41951
 42915
 42077
 42915
 42211
 42388
 43417
 43417
 43284
 43284
 43417
 43418
 43418
 43418
 43611
 44637
 44637
 44637
 44637
 44637
 41635
 41635
 43408
 43408
 43408
 43017
 42664
 42664
 42664
 42916
 42916
 42916
 42916
 42916
 43631
 43852
 44238
 44238
 44238
 43848
 43848
 43138
 40630
 43278
 43553
 43057
 42916
 41936
 41936
 41936
 41936
 41936
 41936
 41936
 41936
 41936
 42820
 41458
 40730
 40730
 39831
 39831
 38999
 38999
 38999
 38999
 38999
 38999
 38999
 38999
 38999
 38999
 42114
 43120
 43120
 43120
 43120
 43120
 43596
 42255
 42255
 42255
 42255
 42255
 41781
 41781
 41781
 41781
 41781
 41781
 41781
 43568
 43568
 42990
 42990
 44066
 43573
 43362
 44120
 42010
 42010
 42010
 42010
 42010
 42010
 42010
 40845
 40845
 40845
 40845
 40845
 43265
 43265
 43265
 43265
 43265
 43265
 41804
 41804
 41804
 42456
 40191
 40191
 40184
 41890
 41917
 41917
 41917
 40367
 40367
 40367
 40367
 40367
 40785
 40785
 40785
 40785
 40785
 40785
 40785
 40785
 40785
 40785
 40785
 41229
 40624
 40624
 40624
 40624
 42708
 42708
 42918
 42193
 42965
 42240
 43456
 43400
 43400
 43400
 43400
 44592
 44592
 43676
 42759
 42759
 42759
 42750
 42750
 42341
 42495
 42495
 44338
 44338
 44338
 44338
 44338
 44338
 44338
 42500
 42233
 42233
 42550
 43565
 43565
 43565
 44079
 44079
 44176
 43662
 42530
 43662
 45299
 45299
 45299
 43762
 43762
 45299
 45299
 45126
 42329
 42329
 43070
 43070
 42353
 40276
 40276
 44154
 44559
 44247
 44559
 44625
 42873
 42873
 42873
 42530
 42530
 42530
 42530
 42256
 42256
 42256
 42256
 42256
 42491
 43821
 43645
 43645
 44116
 38753
 42280
 42867
 40434
 40434
 40434
 40434
 40434
 42512
 42434
 42512
 42512
 42512
 38775
 38775
 42697
 43115
 43960
 43818
 44925
 44025
 42788
 42788
 42788
 42788
 44371
 43544
 43210
 43210
 43210
 43210
 43984
 43269
 43269
 43269
 43340
 43750
 42385
 43225
 42611
 42207
 42207
 42207
 41421
 41421
 41421
 41421
 40979
 42377
 42888
 43836
 41881
 41881
 41881
 41881
 44196
 42398
 42398
 42398
 44017
 44017
 44017
 43368
 43309
 43987
 42523
 42523
 42523
 42222
 43502
 43502
 40693
 40693
 
 Best result: 36183